0.9292929292929294
1.2048611111111112
1.5294117647058822
0.9982078853046595
1.2140350877192982
0.9822695035460992
1.4488448844884487
0.9965277777777777
0.9435483870967741
0.8874570446735395
0.9046783625730995
1.4742268041237114
1.5017182130584192
1.5
0.9544444444444444
0.9146198830409357
1.4673202614379086
0.9879725085910653
1.115942028985507
0.9666666666666667
0.9945054945054945
0.9882154882154882
0.9609929078014184
1.466019417475728
1.0218855218855218
0.9858156028368793
1.01
0.8876811594202899
0.9368131868131867
0.9236111111111112
