0.31
0.5
0.2755102040816326
0.4270833333333333
0.26804123711340205
0.4742268041237113
0.6698113207547169
0.6702127659574468
0.2916666666666667
0.24210526315789474
0.23404255319148937
0.22340425531914893
0.30303030303030304
0.5428571428571428
0.28125
0.2978723404255319
0.21505376344086022
0.3431372549019608
0.297029702970297
0.22988505747126436
0.4536082474226804
0.5052631578947369
0.47368421052631576
0.31
0.2391304347826087
0.25263157894736843
0.3626373626373626
0.2765957446808511
0.33980582524271846
0.2708333333333333
