0.3069306930693069
0.41904761904761906
0.3157894736842105
0.29545454545454547
0.38461538461538464
0.3695652173913043
0.22580645161290322
0.5306122448979592
0.2127659574468085
0.23711340206185566
0.21649484536082475
0.3402061855670103
0.5106382978723404
0.504950495049505
0.18478260869565216
0.2736842105263158
0.3564356435643564
0.25773195876288657
0.5480769230769231
0.31313131313131315
0.26881720430107525
0.25274725274725274
0.37383177570093457
0.2872340425531915
0.23076923076923078
0.25510204081632654
0.34951456310679613
0.27835051546391754
0.27586206896551724
0.3469387755102041
