0.0	0	1	3
0.0	0	1	3
0.0	0	1	3
0.14018691588785046	0	1	9
2 0
0.14018691588785046	0	1	9
2 0
0.14018691588785046	0	1	9
2 0
0.14018691588785046	0	1	9
2 0
0.14018691588785046	0	1	9
2 0
0.14018691588785046	0	1	9
2 0
0.14018691588785046	0	1	9
2 0
0.06542056074766354	0	1	9
6 11
0.06542056074766354	0	1	9
6 11
0.18691588785046728	0	1	3
2 0
3 9
0.18691588785046728	0	1	3
2 0
3 9
0.18691588785046728	0	1	3
2 0
3 9
0.2616822429906542	0	1	5
2 0
3 9
5 11
0.2616822429906542	0	1	5
2 0
3 9
5 11
0.2616822429906542	0	1	5
2 0
3 9
5 11
0.2616822429906542	0	1	5
2 0
3 9
5 11
0.2616822429906542	0	1	5
2 0
3 9
5 11
