0.9055555555555556
0.9740740740740742
1.4607843137254903
1.5233333333333334
0.9117983963344788
1.4814814814814816
1.5170068027210883
1.457044673539519
0.9183006535947712
1.0681818181818181
0.988673139158576
0.9908424908424909
0.9822006472491909
1.5404530744336569
1.18
1.1512027491408936
1.0
0.8463356973995272
1.1473684210526316
1.5379537953795381
1.144927536231884
1.528052805280528
0.9104166666666668
0.9756554307116104
1.4551971326164874
1.4695340501792113
1.4851485148514854
1.0017543859649123
1.1453900709219857
1.0017921146953406
