0.4444444444444444
0.4835164835164835
0.3548387096774194
0.3877551020408163
0.6041666666666666
0.5714285714285714
0.5841584158415841
0.42857142857142855
0.5161290322580645
0.42857142857142855
0.49473684210526314
0.51
0.5773195876288659
0.47474747474747475
0.5816326530612245
0.46601941747572817
0.5353535353535354
0.6185567010309279
0.4105263157894737
0.5346534653465347
0.4222222222222222
0.4158415841584158
0.4148936170212766
0.41237113402061853
0.5576923076923077
0.5543478260869565
0.4421052631578947
0.5510204081632653
0.5670103092783505
0.43956043956043955
