0.9814814814814815
0.9111721611721612
1.1182795698924732
0.9625850340136054
0.9513888888888888
1.0238095238095237
0.9447194719471947
0.9761904761904763
0.9220430107526881
0.9206349206349206
0.9982456140350878
1.17
1.0257731958762886
1.4915824915824916
0.9438775510204082
1.488673139158576
0.9284511784511785
1.5395189003436425
0.8868421052631579
1.5115511551155116
0.8740740740740741
1.471947194719472
0.9160756501182034
1.1374570446735395
1.0192307692307692
0.96256038647343
0.980701754385965
1.183673469387755
1.1890034364261168
0.8608058608058607
