0.6915887850467289
0.6631578947368421
0.5483870967741935
0.4791666666666667
0.6634615384615384
0.6442307692307693
0.6796116504854369
0.5208333333333334
0.6020408163265306
0.5760869565217391
0.5384615384615384
0.5520833333333334
0.59375
0.6759259259259259
0.6262626262626263
0.6224489795918368
0.6826923076923077
0.6082474226804123
0.77
0.5730337078651685
0.594059405940594
0.5434782608695652
0.75
0.6210526315789474
0.6020408163265306
0.6701030927835051
0.5824175824175825
0.5869565217391305
0.574468085106383
0.6666666666666666
