0.9835164835164836
1.0192982456140351
0.9976359338061466
1.0555555555555556
1.1866666666666668
1.0544554455445545
1.2179487179487178
0.8770764119601329
1.0080183276059564
0.9599083619702177
1.0173611111111112
1.1875
1.0252525252525253
0.9513888888888888
0.9763593380614658
0.9314814814814815
1.0252525252525253
0.8875448028673835
0.9883040935672515
0.9088888888888889
1.5625
0.9170068027210885
1.19
1.5533333333333335
1.1993127147766323
0.9185185185185185
0.9492753623188405
0.9283687943262411
1.027777777777778
1.168458781362007
