0.10784313725490197	0	0	14
8 5
0.10784313725490197	0	0	14
8 5
0.10784313725490197	0	0	14
8 5
0.10784313725490197	0	0	14
8 5
0.10784313725490197	0	0	14
8 5
0.10784313725490197	0	0	14
8 5
0.10784313725490197	0	0	14
8 5
0.10784313725490197	0	0	14
8 5
0.10784313725490197	0	0	14
8 5
0.10784313725490197	0	0	14
8 5
0.10784313725490197	0	0	14
8 5
0.10784313725490197	0	0	14
8 5
0.10784313725490197	0	0	14
8 5
0.10784313725490197	0	0	14
8 5
0.10784313725490197	0	0	5
8 5
0.10784313725490197	0	0	5
8 5
0.10784313725490197	0	0	5
8 5
0.10784313725490197	0	0	5
8 5
0.10784313725490197	0	0	5
8 5
0.10784313725490197	0	0	1
8 5
