0.8800880088008801
1.4730158730158731
0.8552631578947368
0.7984848484848485
0.8782051282051282
0.8731884057971014
0.8086021505376344
1.0102040816326532
0.8042553191489361
1.4123711340206186
0.8054982817869415
0.8911798396334479
0.9479905437352246
1.1683168316831682
0.7652979066022544
1.0912280701754387
0.8521452145214522
0.789614356624666
0.9326923076923078
0.882154882154882
0.8673835125448028
0.8175824175824177
0.9023883696780892
0.8290780141843972
0.826923076923077
1.0850340136054422
0.8942826321467098
0.8070692194403534
0.825287356321839
0.8934240362811791
