0.8176190476190476
0.9444444444444443
0.8418367346938775
0.8756944444444444
0.922680412371134
0.9080756013745704
1.5566037735849056
1.0567375886524824
1.4305555555555554
0.7949874686716791
0.8557919621749409
0.8078014184397163
0.8343434343434343
1.5142857142857142
0.8270833333333334
1.4326241134751774
0.82168458781362
0.8477124183006536
0.9323432343234325
0.7988505747126436
0.9289805269186712
0.9017543859649123
0.9912280701754387
0.8366666666666666
0.8130434782608695
0.8342105263157894
0.8542124542124542
0.8699763593380615
0.8632686084142396
1.4236111111111114
