0.1134020618556701	0	1	19
8 6
0.12371134020618557	0	1	19
6 10
0.05154639175257732	0	1	19
7 3
0.13402061855670103	0	1	19
4 7
0.07216494845360824	0	1	19
9 4
0.13402061855670103	0	1	19
2 9
0.09278350515463918	0	1	19
6 11
0.12371134020618557	0	1	19
6 10
0.09278350515463918	0	1	19
2 11
0.12371134020618557	0	1	19
8 4
0.07216494845360824	0	1	19
9 4
0.07216494845360824	0	1	19
0 7
0.09278350515463918	0	1	19
1 11
0.09278350515463918	0	1	19
1 11
0.1134020618556701	0	1	19
8 6
0.09278350515463918	0	1	19
6 11
0.09278350515463918	0	1	19
6 11
0.1134020618556701	0	1	19
8 6
0.1134020618556701	0	1	19
8 6
0.10309278350515463	0	2	1
4 4
