1.5638629283489098
0.9293859649122806
0.8970814132104454
0.8680555555555557
1.221153846153846
1.5480769230769231
1.0598705501618124
1.1736111111111112
1.2006802721088434
1.1920289855072463
1.0128205128205128
1.0173611111111112
0.9479166666666666
1.2253086419753088
0.9309764309764309
1.0408163265306123
1.2275641025641024
1.2027491408934707
1.0344444444444445
0.9132334581772783
1.5313531353135315
0.8894927536231885
1.5833333333333333
0.984795321637427
1.034013605442177
1.0011454753722795
0.9274725274725274
0.9039855072463768
1.5248226950354609
0.9722222222222222
