0.5612244897959183
0.6105263157894737
0.5656565656565656
0.6483516483516484
0.6458333333333334
0.6990291262135923
0.4782608695652174
0.5833333333333334
0.6078431372549019
0.6568627450980392
0.6494845360824743
0.5979381443298969
0.6111111111111112
0.66
0.5638297872340425
0.5376344086021505
0.5638297872340425
0.6060606060606061
0.6372549019607843
0.67
0.5050505050505051
0.6952380952380952
0.5473684210526316
0.7157894736842105
0.5416666666666666
0.6666666666666666
0.61
0.5104166666666666
0.5591397849462365
0.6470588235294118
