0.625
0.6237623762376238
0.5531914893617021
0.6826923076923077
0.5483870967741935
0.5851063829787234
0.5684210526315789
0.5274725274725275
0.5212765957446809
0.5
0.5625
0.5531914893617021
0.6236559139784946
0.6041666666666666
0.696969696969697
0.6990291262135923
0.6565656565656566
0.6831683168316832
0.4222222222222222
0.7047619047619048
0.7211538461538461
0.6213592233009708
0.5425531914893617
0.6262626262626263
0.6597938144329897
0.6262626262626263
0.6020408163265306
0.6346153846153846
0.6363636363636364
0.6224489795918368
