0.02857142857142857	0	1	7
8 2
0.02857142857142857	0	1	7
8 2
0.02857142857142857	0	1	7
8 2
0.02857142857142857	0	1	7
8 2
0.02857142857142857	0	1	7
8 2
0.02857142857142857	0	1	7
8 2
0.02857142857142857	0	1	7
8 2
0.1523809523809524	0	2	13
1 11
0.2761904761904762	0	1	13
2 7
4 4
0.1523809523809524	0	2	13
1 11
0.2761904761904762	0	1	13
2 7
4 4
0.10476190476190476	0	2	13
7 1
0.1523809523809524	0	2	13
1 11
0.1523809523809524	0	2	13
1 11
0.10476190476190476	0	2	13
7 1
0.10476190476190476	0	2	13
7 1
0.1523809523809524	0	2	13
1 11
0.2761904761904762	0	1	13
2 7
4 4
0.10476190476190476	0	2	13
7 1
0.2761904761904762	0	1	13
2 7
4 4
