0.5161290322580645	0	0	11
1 2
2 3
4 1
4 7
8 10
9 0
0.5161290322580645	0	0	11
1 2
2 3
4 1
4 7
8 10
9 0
0.5161290322580645	0	0	11
1 2
2 3
4 1
4 7
8 10
9 0
0.5161290322580645	0	0	11
1 2
2 3
4 1
4 7
8 10
9 0
0.5161290322580645	0	0	11
1 2
2 3
4 1
4 7
8 10
9 0
0.5161290322580645	0	0	11
1 2
2 3
4 1
4 7
8 10
9 0
0.5161290322580645	0	0	11
1 2
2 3
4 1
4 7
8 10
9 0
0.5161290322580645	0	0	11
1 2
2 3
4 1
4 7
8 10
9 0
0.5161290322580645	0	0	11
1 2
2 3
4 1
4 7
8 10
9 0
0.5161290322580645	0	0	11
1 2
2 3
4 1
4 7
8 10
9 0
0.5161290322580645	0	0	11
1 2
2 3
4 1
4 7
8 10
9 0
0.5161290322580645	0	0	9
1 2
2 3
4 1
4 7
8 10
9 0
0.5161290322580645	0	0	9
1 2
2 3
4 1
4 7
8 10
9 0
0.5161290322580645	0	0	9
1 2
2 3
4 1
4 7
8 10
9 0
0.5161290322580645	0	0	9
1 2
2 3
4 1
4 7
8 10
9 0
0.5161290322580645	0	0	9
1 2
2 3
4 1
4 7
8 10
9 0
0.5161290322580645	0	0	9
1 2
2 3
4 1
4 7
8 10
9 0
0.5161290322580645	0	0	9
1 2
2 3
4 1
4 7
8 10
9 0
0.5161290322580645	0	0	9
1 2
2 3
4 1
4 7
8 10
9 0
0.5161290322580645	0	0	9
1 2
2 3
4 1
4 7
8 10
9 0
