0.10416666666666667	0	1	20
1 3
0.10416666666666667	0	1	20
1 3
0.10416666666666667	0	1	20
1 3
0.10416666666666667	0	1	20
1 3
0.10416666666666667	0	1	20
1 3
0.10416666666666667	0	1	20
1 3
0.10416666666666667	0	1	20
1 3
0.10416666666666667	0	1	20
1 3
0.10416666666666667	0	1	20
1 3
0.10416666666666667	0	1	20
1 3
0.10416666666666667	0	1	20
1 3
0.10416666666666667	0	1	20
1 3
0.10416666666666667	0	1	20
1 3
0.10416666666666667	0	1	20
1 3
0.10416666666666667	0	1	20
1 3
0.10416666666666667	0	1	20
1 3
0.10416666666666667	0	1	20
1 3
0.10416666666666667	0	1	20
1 3
0.10416666666666667	0	1	20
1 3
0.10416666666666667	0	1	20
1 3
