0.9391812865497076
0.905982905982906
0.9871794871794872
0.9983164983164983
1.4914089347079038
1.5379537953795381
0.9652777777777777
0.9882154882154882
0.92831541218638
1.5243055555555554
1.1598639455782314
0.9736842105263158
0.9424398625429552
0.9133089133089133
1.4933333333333334
1.4931972789115646
0.9098639455782314
0.9908361970217641
1.4666666666666668
1.480701754385965
1.4897959183673468
1.175438596491228
1.0087719298245614
0.8973684210526316
1.4803921568627452
0.9447194719471947
1.142361111111111
0.9381551362683438
1.2058823529411764
1.4915824915824916
