0.45454545454545453
0.6145833333333334
0.5882352941176471
0.4946236559139785
0.6421052631578947
0.44680851063829785
0.3465346534653465
0.4895833333333333
0.5806451612903226
0.41237113402061853
0.5473684210526316
0.422680412371134
0.5051546391752577
0.5
0.53
0.4105263157894737
0.4019607843137255
0.4639175257731959
0.34782608695652173
0.4
0.4835164835164835
0.46464646464646464
0.3829787234042553
0.39805825242718446
0.5656565656565656
0.4574468085106383
0.53
0.41304347826086957
0.5604395604395604
0.5208333333333334
