0.9204081632653062
0.9812865497076023
0.921885521885522
0.9383394383394382
0.9375
0.9663430420711974
0.8677536231884058
0.9722222222222223
0.9803921568627452
1.0522875816993464
1.0498281786941581
0.9770904925544102
0.9537037037037037
1.0533333333333335
0.9379432624113475
0.9292114695340502
0.8916469661150512
0.9163059163059163
1.2124183006535947
0.9733333333333333
0.8826358826358827
1.565079365079365
0.9046783625730995
0.9885964912280701
1.1805555555555556
1.0
1.5366666666666664
0.8738425925925926
0.96415770609319
1.549019607843137
