0.4842105263157895
0.38461538461538464
0.46153846153846156
0.494949494949495
0.4742268041237113
0.6138613861386139
0.3958333333333333
0.46464646464646464
0.45161290322580644
0.5729166666666666
0.47959183673469385
0.42105263157894735
0.5773195876288659
0.4065934065934066
0.48
0.47959183673469385
0.47959183673469385
0.6391752577319587
0.4
0.4421052631578947
0.46938775510204084
0.5263157894736842
0.5263157894736842
0.4421052631578947
0.4411764705882353
0.5841584158415841
0.4270833333333333
0.4811320754716981
0.6176470588235294
0.47474747474747475
