1.0416666666666667
1.2079207920792079
0.9343971631205674
1.060897435897436
0.9050179211469533
0.91725768321513
0.967251461988304
0.9091575091575091
1.5070921985815602
1.0
0.9097222222222222
0.9177304964539008
1.2078853046594982
0.9791666666666666
1.0101010101010102
1.0107874865156419
0.9688552188552189
1.0055005500550056
0.8740740740740741
1.0682539682539682
1.0737179487179487
1.0404530744336569
0.8951367781155014
1.2087542087542087
1.5532646048109964
1.0420875420875422
0.9784580498866213
0.9893162393162394
1.2121212121212122
1.207482993197279
