0.55
0.4222222222222222
0.38235294117647056
0.57
0.4020618556701031
0.4444444444444444
0.5510204081632653
0.3711340206185567
0.4215686274509804
0.7045454545454546
0.46601941747572817
0.4725274725274725
0.44660194174757284
0.6213592233009708
0.54
0.4536082474226804
0.5
0.3723404255319149
0.4421052631578947
0.6138613861386139
0.43478260869565216
0.5841584158415841
0.53125
0.42696629213483145
0.3655913978494624
0.40860215053763443
0.45544554455445546
0.5052631578947369
0.43617021276595747
0.5053763440860215
