0.043478260869565216
0.047619047619047616
0.03571428571428571
0.041666666666666664
0.04
0.05555555555555555
0.04
0.03571428571428571
0.041666666666666664
0.037037037037037035
0.037037037037037035
0.043478260869565216
0.041666666666666664
0.038461538461538464
0.05
0.043478260869565216
0.045454545454545456
0.037037037037037035
0.037037037037037035
0.043478260869565216
0.041666666666666664
0.043478260869565216
0.04
0.05263157894736842
0.047619047619047616
0.047619047619047616
0.041666666666666664
0.037037037037037035
0.04
0.05
