0.42567567567567566
0.3310810810810811
0.32432432432432434
0.41216216216216217
0.34459459459459457
0.3918918918918919
0.4189189189189189
0.3310810810810811
0.5
0.32432432432432434
0.3783783783783784
0.3310810810810811
0.27702702702702703
0.31756756756756754
0.38513513513513514
0.27702702702702703
0.31756756756756754
0.24324324324324326
0.3783783783783784
0.35135135135135137
0.3581081081081081
0.3310810810810811
0.5
0.44594594594594594
0.5743243243243243
0.3108108108108108
0.4797297297297297
0.35135135135135137
0.2972972972972973
0.36486486486486486
