0.31756756756756754
0.3108108108108108
0.32432432432432434
0.35135135135135137
0.3310810810810811
0.30405405405405406
0.34459459459459457
0.31756756756756754
0.3918918918918919
0.31756756756756754
0.3108108108108108
0.30405405405405406
0.33783783783783783
0.31756756756756754
0.3108108108108108
0.33783783783783783
0.34459459459459457
0.3108108108108108
0.33783783783783783
0.31756756756756754
0.31756756756756754
0.36486486486486486
0.30405405405405406
0.33783783783783783
0.34459459459459457
0.3108108108108108
0.33783783783783783
0.3108108108108108
0.3310810810810811
0.3310810810810811
