0.2905405405405405
0.3108108108108108
0.31756756756756754
0.3108108108108108
0.32432432432432434
0.30405405405405406
0.31756756756756754
0.36486486486486486
0.31756756756756754
0.42567567567567566
0.32432432432432434
0.34459459459459457
0.32432432432432434
0.3108108108108108
0.3310810810810811
0.32432432432432434
0.34459459459459457
0.3108108108108108
0.31756756756756754
0.3108108108108108
0.3310810810810811
0.4594594594594595
0.2972972972972973
0.3310810810810811
0.31756756756756754
0.35135135135135137
0.34459459459459457
0.31756756756756754
0.32432432432432434
0.34459459459459457
