0.013513513513513514	0	32	11
1 6
0.013513513513513514	0	32	11
1 6
0.0	0	35	11
0.013513513513513514	0	32	11
1 6
0.013513513513513514	0	32	11
1 6
0.013513513513513514	0	32	11
1 6
0.0	0	35	11
0.013513513513513514	0	32	11
1 6
0.0	0	35	11
0.0	0	35	11
0.0	0	35	11
0.060810810810810814	0	33	5
8 2
0.060810810810810814	0	33	5
8 2
0.060810810810810814	0	33	5
8 2
0.060810810810810814	0	33	5
8 2
0.060810810810810814	0	33	5
8 2
0.033783783783783786	0	34	4
8 3
0.033783783783783786	0	34	4
8 3
0.033783783783783786	0	34	4
8 3
0.033783783783783786	0	34	4
8 3
