0.35135135135135137
0.27702702702702703
0.2635135135135135
0.39864864864864863
0.5135135135135135
0.2905405405405405
0.35135135135135137
0.40540540540540543
0.35135135135135137
0.32432432432432434
0.35135135135135137
0.41216216216216217
0.35135135135135137
0.3783783783783784
0.5202702702702703
0.3108108108108108
0.3581081081081081
0.36486486486486486
0.4797297297297297
0.30405405405405406
0.25
0.40540540540540543
0.38513513513513514
0.31756756756756754
0.4527027027027027
0.27702702702702703
0.43243243243243246
0.28378378378378377
0.3716216216216216
0.3918918918918919
