0.35135135135135137
0.41216216216216217
0.2905405405405405
0.33783783783783783
0.2972972972972973
0.38513513513513514
0.2972972972972973
0.22297297297297297
0.43243243243243246
0.24324324324324326
0.30405405405405406
0.33783783783783783
0.33783783783783783
0.3108108108108108
0.3581081081081081
0.40540540540540543
0.40540540540540543
0.2905405405405405
0.2972972972972973
0.33783783783783783
0.32432432432432434
0.30405405405405406
0.3581081081081081
0.49324324324324326
0.527027027027027
0.4594594594594595
0.33783783783783783
0.2702702702702703
0.27702702702702703
0.35135135135135137
