0.7989352989352989
0.7709137709137709
0.7678378378378379
0.8154225654225654
0.8563563563563563
0.7774024024024024
0.7982765374069722
0.8169533169533171
0.7989352989352989
0.7906477906477907
0.7976726726726726
0.8207207207207207
0.7982765374069722
0.8066816816816816
0.8586086086086087
0.7854217854217854
0.799924924924925
0.8016216216216216
0.8450950950950951
0.7813513513513514
0.7628205128205128
0.8193456614509246
0.8095377986682335
0.787015276145711
0.8371754107048224
0.7723423423423424
0.825962325962326
0.774081774081774
0.8080844001896633
0.8117900509204857
