0.07432432432432433	0	29	20
1 6
11 6
12 7
13 6
0.07432432432432433	0	29	20
1 6
11 6
12 7
13 6
0.07432432432432433	0	29	20
1 6
11 6
12 7
13 6
0.07432432432432433	0	29	20
1 6
11 6
12 7
13 6
0.07432432432432433	0	29	20
1 6
11 6
12 7
13 6
0.07432432432432433	0	29	20
1 6
11 6
12 7
13 6
0.07432432432432433	0	29	20
1 6
11 6
12 7
13 6
0.07432432432432433	0	29	20
1 6
11 6
12 7
13 6
0.07432432432432433	0	29	20
1 6
11 6
12 7
13 6
0.07432432432432433	0	29	20
1 6
11 6
12 7
13 6
0.07432432432432433	0	29	20
1 6
11 6
12 7
13 6
0.07432432432432433	0	29	20
1 6
11 6
12 7
13 6
0.07432432432432433	0	29	20
1 6
11 6
12 7
13 6
0.07432432432432433	0	29	20
1 6
11 6
12 7
13 6
0.07432432432432433	0	29	20
1 6
11 6
12 7
13 6
0.07432432432432433	0	29	20
1 6
11 6
12 7
13 6
0.07432432432432433	0	29	20
1 6
11 6
12 7
13 6
0.07432432432432433	0	29	20
1 6
11 6
12 7
13 6
0.07432432432432433	0	29	20
1 6
11 6
12 7
13 6
0.07432432432432433	0	29	20
1 6
11 6
12 7
13 6
