0.05405405405405406	0	30	4
1 6
10 1
0.05405405405405406	0	30	4
1 6
10 1
0.05405405405405406	0	30	4
1 6
10 1
0.05405405405405406	0	30	4
1 6
10 1
0.05405405405405406	0	31	11
1 6
7 3
0.05405405405405406	0	31	11
1 6
7 3
0.05405405405405406	0	31	11
1 6
7 3
0.05405405405405406	0	31	11
1 6
7 3
0.07432432432432433	0	31	11
1 6
12 4
0.05405405405405406	0	31	11
1 6
7 3
0.05405405405405406	0	31	11
1 6
7 3
0.07432432432432433	0	31	11
1 6
12 4
0.05405405405405406	0	31	11
1 6
7 3
0.05405405405405406	0	31	11
1 6
7 3
0.07432432432432433	0	31	11
1 6
12 4
0.10135135135135136	0	32	5
1 6
9 7
0.10135135135135136	0	32	5
1 6
9 7
0.10135135135135136	0	32	5
1 6
9 7
0.10135135135135136	0	32	5
1 6
9 7
0.10135135135135136	0	32	5
1 6
9 7
