0.08108108108108109	0	30	19
11 0
11 6
12 7
13 6
0.08108108108108109	0	30	19
11 0
11 6
12 7
13 6
0.08108108108108109	0	30	19
11 0
11 6
12 7
13 6
0.08108108108108109	0	30	19
11 0
11 6
12 7
13 6
0.08108108108108109	0	30	19
11 0
11 6
12 7
13 6
0.08108108108108109	0	30	19
11 0
11 6
12 7
13 6
0.08108108108108109	0	30	19
11 0
11 6
12 7
13 6
0.08108108108108109	0	30	19
11 0
11 6
12 7
13 6
0.08108108108108109	0	30	19
11 0
11 6
12 7
13 6
0.08108108108108109	0	30	19
11 0
11 6
12 7
13 6
0.08108108108108109	0	30	19
11 0
11 6
12 7
13 6
0.08108108108108109	0	30	19
11 0
11 6
12 7
13 6
0.08108108108108109	0	30	19
11 0
11 6
12 7
13 6
0.08108108108108109	0	30	19
11 0
11 6
12 7
13 6
0.08108108108108109	0	30	19
11 0
11 6
12 7
13 6
0.08108108108108109	0	30	19
11 0
11 6
12 7
13 6
0.08108108108108109	0	30	19
11 0
11 6
12 7
13 6
0.08108108108108109	0	30	19
11 0
11 6
12 7
13 6
0.08108108108108109	0	30	19
11 0
11 6
12 7
13 6
0.08108108108108109	0	31	1
0 2
11 6
12 7
13 6
