0.03571428571428571
0.034482758620689655
0.034482758620689655
0.03571428571428571
0.034482758620689655
0.03571428571428571
0.038461538461538464
0.034482758620689655
0.034482758620689655
0.03571428571428571
0.03571428571428571
0.034482758620689655
0.034482758620689655
0.034482758620689655
0.03571428571428571
0.034482758620689655
0.034482758620689655
0.034482758620689655
0.034482758620689655
0.034482758620689655
0.034482758620689655
0.034482758620689655
0.034482758620689655
0.034482758620689655
0.034482758620689655
0.03333333333333333
0.03571428571428571
0.037037037037037035
0.03571428571428571
0.03571428571428571
