0.043478260869565216
0.041666666666666664
0.045454545454545456
0.047619047619047616
0.04
0.043478260869565216
0.038461538461538464
0.041666666666666664
0.038461538461538464
0.041666666666666664
0.05263157894736842
0.041666666666666664
0.04
0.038461538461538464
0.038461538461538464
0.038461538461538464
0.05
0.038461538461538464
0.041666666666666664
0.05
0.043478260869565216
0.047619047619047616
0.047619047619047616
0.04
0.05
0.05263157894736842
0.05
0.047619047619047616
0.041666666666666664
0.041666666666666664
