0.03571428571428571
0.034482758620689655
0.03571428571428571
0.034482758620689655
0.03571428571428571
0.034482758620689655
0.03571428571428571
0.034482758620689655
0.034482758620689655
0.03571428571428571
0.034482758620689655
0.034482758620689655
0.037037037037037035
0.03571428571428571
0.03571428571428571
0.034482758620689655
0.034482758620689655
0.034482758620689655
0.034482758620689655
0.034482758620689655
0.034482758620689655
0.034482758620689655
0.034482758620689655
0.034482758620689655
0.034482758620689655
0.034482758620689655
0.034482758620689655
0.034482758620689655
0.03571428571428571
0.03571428571428571
