0.1554054054054054	0	27	17
1 6
8 2
8 7
11 0
0.1554054054054054	0	27	17
1 6
8 2
8 7
11 0
0.1554054054054054	0	27	17
1 6
8 2
8 7
11 0
0.1554054054054054	0	27	17
1 6
8 2
8 7
11 0
0.1554054054054054	0	27	17
1 6
8 2
8 7
11 0
0.1554054054054054	0	27	17
1 6
8 2
8 7
11 0
0.1554054054054054	0	27	17
1 6
8 2
8 7
11 0
0.1554054054054054	0	27	17
1 6
8 2
8 7
11 0
0.1554054054054054	0	27	17
1 6
8 2
8 7
11 0
0.1554054054054054	0	27	17
1 6
8 2
8 7
11 0
0.1554054054054054	0	27	17
1 6
8 2
8 7
11 0
0.1554054054054054	0	27	17
1 6
8 2
8 7
11 0
0.1554054054054054	0	27	17
1 6
8 2
8 7
11 0
0.1554054054054054	0	27	17
1 6
8 2
8 7
11 0
0.1554054054054054	0	27	17
1 6
8 2
8 7
11 0
0.1554054054054054	0	27	17
1 6
8 2
8 7
11 0
0.1554054054054054	0	27	17
1 6
8 2
8 7
11 0
0.1554054054054054	0	27	3
1 6
8 2
8 7
11 0
0.1554054054054054	0	27	3
1 6
8 2
8 7
11 0
0.1554054054054054	0	27	3
1 6
8 2
8 7
11 0
