0.24324324324324326
0.21621621621621623
0.20945945945945946
0.22297297297297297
0.20945945945945946
0.2702702702702703
0.20945945945945946
0.21621621621621623
0.20945945945945946
0.18243243243243243
0.20270270270270271
0.21621621621621623
0.23648648648648649
0.20270270270270271
0.20270270270270271
0.21621621621621623
0.23648648648648649
0.22972972972972974
0.22972972972972974
0.17567567567567569
0.20945945945945946
0.20945945945945946
0.22972972972972974
0.23648648648648649
0.1891891891891892
0.22972972972972974
0.23648648648648649
0.20945945945945946
0.20945945945945946
0.23648648648648649
