0.19594594594594594	0	27	8
2 5
5 11
7 1
8 2
0.19594594594594594	0	27	8
2 5
5 11
7 1
8 2
0.19594594594594594	0	27	8
2 5
5 11
7 1
8 2
0.19594594594594594	0	27	8
2 5
5 11
7 1
8 2
0.19594594594594594	0	27	8
2 5
5 11
7 1
8 2
0.19594594594594594	0	27	8
2 5
5 11
7 1
8 2
0.19594594594594594	0	27	8
2 5
5 11
7 1
8 2
0.19594594594594594	0	27	8
2 5
5 11
7 1
8 2
0.19594594594594594	0	27	12
2 5
5 11
7 1
8 2
0.19594594594594594	0	27	12
2 5
5 11
7 1
8 2
0.19594594594594594	0	27	12
2 5
5 11
7 1
8 2
0.19594594594594594	0	27	12
2 5
5 11
7 1
8 2
0.19594594594594594	0	27	12
2 5
5 11
7 1
8 2
0.19594594594594594	0	27	12
2 5
5 11
7 1
8 2
0.19594594594594594	0	27	12
2 5
5 11
7 1
8 2
0.19594594594594594	0	27	12
2 5
5 11
7 1
8 2
0.19594594594594594	0	27	12
2 5
5 11
7 1
8 2
0.19594594594594594	0	27	12
2 5
5 11
7 1
8 2
0.19594594594594594	0	27	12
2 5
5 11
7 1
8 2
0.19594594594594594	0	27	12
2 5
5 11
7 1
8 2
