0.21621621621621623	0	25	1
1 6
2 2
5 11
6 7
10 1
0.21621621621621623	0	25	8
1 6
2 2
5 11
6 7
10 1
0.21621621621621623	0	25	8
1 6
2 2
5 11
6 7
10 1
0.21621621621621623	0	25	8
1 6
2 2
5 11
6 7
10 1
0.21621621621621623	0	25	8
1 6
2 2
5 11
6 7
10 1
0.21621621621621623	0	25	8
1 6
2 2
5 11
6 7
10 1
0.21621621621621623	0	25	8
1 6
2 2
5 11
6 7
10 1
0.21621621621621623	0	25	8
1 6
2 2
5 11
6 7
10 1
0.21621621621621623	0	25	8
1 6
2 2
5 11
6 7
10 1
0.21621621621621623	0	25	3
1 6
2 2
5 11
6 7
10 1
0.21621621621621623	0	25	3
1 6
2 2
5 11
6 7
10 1
0.21621621621621623	0	25	3
1 6
2 2
5 11
6 7
10 1
0.21621621621621623	0	25	8
1 6
2 2
5 11
6 7
10 1
0.21621621621621623	0	25	8
1 6
2 2
5 11
6 7
10 1
0.21621621621621623	0	25	8
1 6
2 2
5 11
6 7
10 1
0.21621621621621623	0	25	8
1 6
2 2
5 11
6 7
10 1
0.21621621621621623	0	25	8
1 6
2 2
5 11
6 7
10 1
0.21621621621621623	0	25	8
1 6
2 2
5 11
6 7
10 1
0.21621621621621623	0	25	8
1 6
2 2
5 11
6 7
10 1
0.21621621621621623	0	25	8
1 6
2 2
5 11
6 7
10 1
