0.3716216216216216
0.3783783783783784
0.32432432432432434
0.42567567567567566
0.25675675675675674
0.35135135135135137
0.3310810810810811
0.31756756756756754
0.2972972972972973
0.25675675675675674
0.47297297297297297
0.36486486486486486
0.28378378378378377
0.31756756756756754
0.2905405405405405
0.2635135135135135
0.3783783783783784
0.2702702702702703
0.28378378378378377
0.34459459459459457
0.33783783783783783
0.35135135135135137
0.3783783783783784
0.2972972972972973
0.4391891891891892
0.3918918918918919
0.40540540540540543
0.33783783783783783
0.2905405405405405
0.3310810810810811
