0.75	2	3	3
0 2
0 5
1 6
1 12
2 2
2 4
2 13
3 6
3 12
5 8
6 2
6 10
6 12
7 3
8 0
8 5
8 13
9 1
9 4
11 2
11 6
12 7
12 10
12 12
13 3
13 6
13 11
0.75	2	3	3
0 2
0 5
1 6
1 12
2 2
2 4
2 13
3 6
3 12
5 8
6 2
6 10
6 12
7 3
8 0
8 5
8 13
9 1
9 4
11 2
11 6
12 7
12 10
12 12
13 3
13 6
13 11
0.75	2	3	3
0 2
0 5
1 6
1 12
2 2
2 4
2 13
3 6
3 12
5 8
6 2
6 10
6 12
7 3
8 0
8 5
8 13
9 1
9 4
11 2
11 6
12 7
12 10
12 12
13 3
13 6
13 11
0.75	2	3	17
0 2
0 5
1 6
1 12
2 2
2 4
2 13
3 6
3 12
5 8
6 2
6 10
6 12
7 3
8 0
8 5
8 13
9 1
9 4
11 2
11 6
12 7
12 10
12 12
13 3
13 6
13 11
0.75	2	3	17
0 2
0 5
1 6
1 12
2 2
2 4
2 13
3 6
3 12
5 8
6 2
6 10
6 12
7 3
8 0
8 5
8 13
9 1
9 4
11 2
11 6
12 7
12 10
12 12
13 3
13 6
13 11
0.75	2	3	17
0 2
0 5
1 6
1 12
2 2
2 4
2 13
3 6
3 12
5 8
6 2
6 10
6 12
7 3
8 0
8 5
8 13
9 1
9 4
11 2
11 6
12 7
12 10
12 12
13 3
13 6
13 11
0.75	2	3	17
0 2
0 5
1 6
1 12
2 2
2 4
2 13
3 6
3 12
5 8
6 2
6 10
6 12
7 3
8 0
8 5
8 13
9 1
9 4
11 2
11 6
12 7
12 10
12 12
13 3
13 6
13 11
0.75	2	3	17
0 2
0 5
1 6
1 12
2 2
2 4
2 13
3 6
3 12
5 8
6 2
6 10
6 12
7 3
8 0
8 5
8 13
9 1
9 4
11 2
11 6
12 7
12 10
12 12
13 3
13 6
13 11
0.75	2	3	17
0 2
0 5
1 6
1 12
2 2
2 4
2 13
3 6
3 12
5 8
6 2
6 10
6 12
7 3
8 0
8 5
8 13
9 1
9 4
11 2
11 6
12 7
12 10
12 12
13 3
13 6
13 11
0.75	2	3	17
0 2
0 5
1 6
1 12
2 2
2 4
2 13
3 6
3 12
5 8
6 2
6 10
6 12
7 3
8 0
8 5
8 13
9 1
9 4
11 2
11 6
12 7
12 10
12 12
13 3
13 6
13 11
0.75	2	3	17
0 2
0 5
1 6
1 12
2 2
2 4
2 13
3 6
3 12
5 8
6 2
6 10
6 12
7 3
8 0
8 5
8 13
9 1
9 4
11 2
11 6
12 7
12 10
12 12
13 3
13 6
13 11
0.75	2	3	17
0 2
0 5
1 6
1 12
2 2
2 4
2 13
3 6
3 12
5 8
6 2
6 10
6 12
7 3
8 0
8 5
8 13
9 1
9 4
11 2
11 6
12 7
12 10
12 12
13 3
13 6
13 11
0.75	2	3	17
0 2
0 5
1 6
1 12
2 2
2 4
2 13
3 6
3 12
5 8
6 2
6 10
6 12
7 3
8 0
8 5
8 13
9 1
9 4
11 2
11 6
12 7
12 10
12 12
13 3
13 6
13 11
0.75	2	3	17
0 2
0 5
1 6
1 12
2 2
2 4
2 13
3 6
3 12
5 8
6 2
6 10
6 12
7 3
8 0
8 5
8 13
9 1
9 4
11 2
11 6
12 7
12 10
12 12
13 3
13 6
13 11
0.75	2	3	17
0 2
0 5
1 6
1 12
2 2
2 4
2 13
3 6
3 12
5 8
6 2
6 10
6 12
7 3
8 0
8 5
8 13
9 1
9 4
11 2
11 6
12 7
12 10
12 12
13 3
13 6
13 11
0.75	2	3	17
0 2
0 5
1 6
1 12
2 2
2 4
2 13
3 6
3 12
5 8
6 2
6 10
6 12
7 3
8 0
8 5
8 13
9 1
9 4
11 2
11 6
12 7
12 10
12 12
13 3
13 6
13 11
0.75	2	3	17
0 2
0 5
1 6
1 12
2 2
2 4
2 13
3 6
3 12
5 8
6 2
6 10
6 12
7 3
8 0
8 5
8 13
9 1
9 4
11 2
11 6
12 7
12 10
12 12
13 3
13 6
13 11
0.75	2	3	17
0 2
0 5
1 6
1 12
2 2
2 4
2 13
3 6
3 12
5 8
6 2
6 10
6 12
7 3
8 0
8 5
8 13
9 1
9 4
11 2
11 6
12 7
12 10
12 12
13 3
13 6
13 11
0.75	2	3	17
0 2
0 5
1 6
1 12
2 2
2 4
2 13
3 6
3 12
5 8
6 2
6 10
6 12
7 3
8 0
8 5
8 13
9 1
9 4
11 2
11 6
12 7
12 10
12 12
13 3
13 6
13 11
0.75	2	3	17
0 2
0 5
1 6
1 12
2 2
2 4
2 13
3 6
3 12
5 8
6 2
6 10
6 12
7 3
8 0
8 5
8 13
9 1
9 4
11 2
11 6
12 7
12 10
12 12
13 3
13 6
13 11
