0.7982765374069722
0.8199270699270699
0.7754182754182755
0.7931681681681683
0.7790990990990991
0.8135635635635635
0.7790990990990991
0.752895752895753
0.8246996996996997
0.7600934267600934
0.7803636970303637
0.7937720329024677
0.7931681681681683
0.7830907830907831
0.8027027027027027
0.8162945554249902
0.8169533169533171
0.7758591925258592
0.7781114447781116
0.7937720329024677
0.7886636636636637
0.7825107716412064
0.7993693693693693
0.8486249407302039
0.8582153582153582
0.8356928356928357
0.7931681681681683
0.7691024357691024
0.7723423423423424
0.8004504504504505
