0.32432432432432434
0.33783783783783783
0.3108108108108108
0.33783783783783783
0.3310810810810811
0.32432432432432434
0.3108108108108108
0.3581081081081081
0.3716216216216216
0.38513513513513514
0.3310810810810811
0.32432432432432434
0.2905405405405405
0.33783783783783783
0.31756756756756754
0.3310810810810811
0.31756756756756754
0.32432432432432434
0.2972972972972973
0.30405405405405406
0.35135135135135137
0.30405405405405406
0.33783783783783783
0.3310810810810811
0.33783783783783783
0.3581081081081081
0.32432432432432434
0.3310810810810811
0.34459459459459457
0.3310810810810811
