0.07432432432432433	0	30	7
1 6
8 2
0.10810810810810811	0	28	7
1 6
8 2
10 1
0.07432432432432433	0	30	7
1 6
8 2
0.10810810810810811	0	28	7
1 6
8 2
10 1
0.07432432432432433	0	30	7
1 6
8 2
0.07432432432432433	0	30	7
1 6
8 2
0.07432432432432433	0	30	7
1 6
8 2
0.13513513513513514	0	29	4
1 6
7 6
8 2
0.13513513513513514	0	29	4
1 6
7 6
8 2
0.13513513513513514	0	29	4
1 6
7 6
8 2
0.13513513513513514	0	29	4
1 6
7 6
8 2
0.11486486486486487	0	30	9
1 6
6 13
8 2
0.11486486486486487	0	30	9
1 6
6 13
8 2
0.11486486486486487	0	30	9
1 6
6 13
8 2
0.12837837837837837	0	30	9
1 6
1 11
8 2
0.11486486486486487	0	30	9
1 6
6 13
8 2
0.11486486486486487	0	30	9
1 6
6 13
8 2
0.11486486486486487	0	30	9
1 6
6 13
8 2
0.12837837837837837	0	30	9
1 6
1 11
8 2
0.11486486486486487	0	30	9
1 6
6 13
8 2
